0000110000000000
0000000000000000
0000190000000000
0000000000000000
00000c0000000000
0000000000000000
0000100000000000
0000000000000000
00002c0000000000
0000000000000000
0000090000000000
0000000000000000
00000f0000000000
0000000000000000
0000040000000000
0000000000000000
00000a0000000000
0000000000000000
0000370000000000
0000000000000000
0000170000000000
0000000000000000
00001b0000000000
0000000000000000
0000170000000000
0000000000000000
0000280000000000
0000000000000000
0200000000000000
0200330000000000
0200000000000000
0200220000000000
0200000000000000
0000000000000000
0000160000000000
0000000000000000
0000380000000000
0000000000000000
0000270000000000
0000000000000000
0000380000000000
0000000000000000
00001e0000000000
0000000000000000
0000270000000000
0000000000000000
00001e0000000000
0000000000000000
0000270000000000
0000000000000000
00001e0000000000
0000000000000000
0000380000000000
0000000000000000
00000a0000000000
0000000000000000
0000280000000000
0000000000000000
0200000000000000
0200330000000000
0200000000000000
0200220000000000
0200000000000000
0000000000000000
0000160000000000
0000000000000000
0000380000000000
0000000000000000
00001e0000000000
0000000000000000
0000380000000000
0000000000000000
00001e0000000000
0000000000000000
0000270000000000
0000000000000000
0000270000000000
0000000000000000
00001e0000000000
0000000000000000
00001e0000000000
0000000000000000
0000380000000000
0000000000000000
00000a0000000000
0000000000000000
0000280000000000
0000000000000000
0200000000000000
0200330000000000
0200000000000000
0200220000000000
0200000000000000
0000000000000000
0000160000000000
0000000000000000
0000380000000000
0000000000000000
00002f0000000000
0000000000000000
0000270000000000
0000000000000000
00001e0000000000
0000000000000000
0000300000000000
0000000000000000
0000380000000000
0000000000000000
0000310000000000
0000000000000000
00002e0000000000
0000000000000000
0000160000000000
0000000000000000
00001c0000000000
0000000000000000
0000160000000000
0000000000000000
0000170000000000
0000000000000000
0000080000000000
0000000000000000
0000100000000000
0000000000000000
0200000000000000
0200260000000000
0200000000000000
0200340000000000
0200000000000000
0000000000000000
0000040000000000
0000000000000000
00001a0000000000
0000000000000000
00000e0000000000
0000000000000000
00002c0000000000
0000000000000000
0000340000000000
0000000000000000
0000390000000000
0000000000000000
0000390000000000
0000000000000000
0200000000000000
0200110000000000
0200000000000000
0200150000000000
0200000000000000
0000000000000000
00002c0000000000
0000000000000000
0200000000000000
0200220000000000
0200000000000000
0000000000000000
00002c0000000000
0000000000000000
00001f0000000000
0000000000000000
00002c0000000000
0000000000000000
00002e0000000000
0000000000000000
00002e0000000000
0000000000000000
0200000000000000
0200340000000000
0200000000000000
0000000000000000
0000370000000000
0000000000000000
0200000000000000
0200260000000000
0200000000000000
0000000000000000
0000160000000000
0000000000000000
0000180000000000
0000000000000000
0000050000000000
0000000000000000
0000100000000000
0000000000000000
0000040000000000
0000000000000000
0000170000000000
0000000000000000
0000060000000000
0000000000000000
00000b0000000000
0000000000000000
0200000000000000
0200260000000000
0200000000000000
0000000000000000
0000270000000000
0000000000000000
0200000000000000
0200270000000000
0200000000000000
0000000000000000
00002c0000000000
0000000000000000
00002e0000000000
0000000000000000
00002e0000000000
0000000000000000
00002c0000000000
0000000000000000
0200000000000000
0200340000000000
0200000000000000
0000000000000000
0000270000000000
0000000000000000
0200000000000000
0200340000000000
0200000000000000
0000000000000000
00002c0000000000
0000000000000000
0200000000000000
0200380000000000
0200000000000000
0000000000000000
00002c0000000000
0000000000000000
0200000000000000
0200340000000000
0200000000000000
0000000000000000
0000270000000000
0000000000000000
0200000000000000
0200340000000000
0200000000000000
0000000000000000
00002c0000000000
0000000000000000
0200000000000000
0200330000000000
0200000000000000
0000000000000000
00002c0000000000
0000000000000000
0200000000000000
0200340000000000
0000000000000000
00001e0000000000
0000000000000000
0200000000000000
0200340000000000
0200000000000000
0000000000000000
0200000000000000
0200270000000000
0200000000000000
0000000000000000
0000370000000000
0000000000000000
0200000000000000
0200340000000000
0200000000000000
0000000000000000
0000340000000000
0000000000000000
00002c0000000000
0000000000000000
0000160000000000
0000000000000000
00001c0000000000
0000000000000000
0000110000000000
0000000000000000
0000120000000000
0000000000000000
0000120000000000
0000000000000000
0000110000000000
0000000000000000
00001c0000000000
0000000000000000
0000100000000000
0000000000000000
0000160000000000
0000000000000000
0000370000000000
0000000000000000
0000170000000000
0000000000000000
00001b0000000000
0000000000000000
0000170000000000
0000000000000000
00002c0000000000
0000000000000000
0200000000000000
0200310000000000
0200000000000000
0000000000000000
00002c0000000000
0000000000000000
0000160000000000
0000000000000000
00000b0000000000
0000000000000000
0000180000000000
0000000000000000
0000090000000000
0000000000000000
00002c0000000000
0000000000000000
00002d0000000000
0000000000000000
0000110000000000
0000000000000000
00001e0000000000
0000000000000000
0200000000000000
0200340000000000
0200000000000000
0200270000000000
0200000000000000
0000000000000000
0000380000000000
0000000000000000
00000a0000000000
0000000000000000
0000280000000000
0000000000000000
